Necessidade de Transferência Armazém para CO

Produto  QtCO  QtMin  QtVendas  Estq.após  Necess.  Transf. de
                                   Vendas            Arm p/ CO
12350    1299    980       544        755      225         225
12400     544    440       807       -263      703         703
12450     567    260       138        429        0           0
12500     813    780       196        617      163         163
12550     990    880       711        279      601         601
12600     820    680       345        475      205         205
12650     889    760       136        753        7          10
12700    1017    850       249        768       82          82
12750     507    220       519        -12      232         232
12800     557    470       435        122      348         348
12850     572    230       462        110      120         120
12900    1080    710       485        595      115         115
12950     604    460       512         92      368         368
13000     897    740       150        747        0           0
13050     602    550       255        347      203         203
13100    1146    940       209        937        3          10
13150     468    220       564        -96      316         316
13200     867    680       553        314      366         366
13250     630    580       355        275      305         305
13300     863    690       568        295      395         395
13350     965    640       251        714        0           0
13400    1261    910       523        738      172         172
13450     448    130       454         -6      136         136
13500    1175    920       438        737      183         183
13550     873    820       452        421      399         399
13600     679    520       372        307      213         213
13650     856    600       384        472      128         128
13700     841    800       297        544      256         256
13750     499    330       476         23      307         307
13800     630    600       792       -162      762         762
